0.10 56 94.96
0.11 51 94.96
0.12 41 94.87
0.13 40 93.81
0.14 43 93.60
0.15 53 93.09
0.16 43 92.69
0.17 40 92.42
0.18 43 91.55
0.19 41 90.93
0.20 42 90.09
0.21 39 89.47
0.22 32 89.33
0.23 41 89.44
0.24 41 88.53
0.25 44 87.61
0.26 43 88.03
0.27 47 87.17
0.28 35 86.64
0.29 33 85.73
0.30 36 85.18
0.31 36 84.77
0.32 48 84.51
0.33 40 83.99
0.34 30 83.72
0.35 41 83.71
0.36 40 83.24
0.37 38 82.53
0.38 27 82.37
0.39 37 81.18
0.40 38 80.99
0.41 39 80.81
0.42 40 80.38
0.43 31 78.45
0.44 30 78.67
0.45 37 77.82
0.46 32 76.99
0.47 37 77.19
0.48 41 76.69
0.49 37 76.63
0.50 35 75.40
0.51 32 75.05
0.52 41 74.60
0.53 36 74.45
0.54 33 73.59
0.55 40 73.01
0.56 38 73.91
0.57 39 71.69
0.58 33 71.92
0.59 35 71.86
0.60 41 71.69
0.61 37 71.42
0.62 38 69.84
0.63 37 68.77
0.64 36 70.32
0.65 31 69.63
0.66 27 69.07
0.67 30 69.34
0.68 31 66.81
0.69 29 66.27
0.70 32 67.62
0.71 36 66.02
0.72 36 66.40
0.73 36 65.85
0.74 30 64.35
0.75 31 65.43
0.76 31 64.52
0.77 27 63.66
0.78 26 63.79
0.79 30 62.21
0.80 30 60.81
0.81 23 61.35
0.82 36 62.03
0.83 36 60.62
0.84 32 59.76
0.85 25 61.56
0.86 29 58.98
0.87 23 59.78
0.88 27 58.33
0.89 31 58.00
0.90 27 58.48
0.91 24 57.43
0.92 33 56.50
0.93 28 57.28
0.94 27 54.86
0.95 21 56.44
0.96 29 54.90
0.97 22 54.07
0.98 30 54.52
0.99 25 55.55
1.00 29 53.88
1.01 30 53.58
1.02 28 53.56
1.03 32 53.85
1.04 29 53.13
1.05 15 52.93
1.06 32 51.80
1.07 28 51.51
1.08 22 51.04
1.09 24 50.99
1.10 26 48.97
1.11 25 49.14
1.12 31 50.52
1.13 22 51.04
1.14 28 48.86
1.15 27 47.92
1.16 22 48.65
1.17 20 48.39
1.18 22 46.04
1.19 22 45.63
1.20 15 47.48
1.21 25 45.25
1.22 23 45.22
1.23 31 45.22
1.24 28 46.74
1.25 13 43.43
1.26 20 44.90
1.27 20 44.16
1.28 22 44.45
1.29 21 43.97
1.30 19 43.42
1.31 20 43.02
1.32 30 42.50
1.33 21 41.42
1.34 19 44.47
1.35 23 41.37
1.36 28 40.70
1.37 25 40.04
1.38 19 40.17
1.39 15 39.82
1.40 18 38.21
1.41 25 39.84
1.42 20 40.28
1.43 22 38.58
1.44 22 40.18
1.45 19 39.88
1.46 16 38.33
1.47 23 38.82
1.48 18 37.66
1.49 14 38.93
1.50 22 36.64
1.51 20 36.66
1.52 18 37.29
1.53 22 37.70
1.54 23 33.16
1.55 15 34.84
1.56 20 36.56
1.57 23 34.61
1.58 15 34.92
1.59 17 33.59
1.60 14 33.55
1.61 18 35.02
1.62 19 33.88
1.63 16 35.02
1.64 16 32.33
1.65 12 33.50
1.66 14 30.97
1.67 15 32.36
1.68 20 34.42
1.69 15 32.07
1.70 20 32.42
1.71 14 32.48
1.72 15 31.98
1.73 14 29.80
1.74 17 31.21
1.75 14 30.17
1.76 20 33.02
1.77 13 30.47
1.78 13 29.50
1.79 12 29.18
1.80 10 27.55
1.81 11 29.77
1.82 9 28.97
1.83 16 28.65
1.84 15 30.08
1.85 19 28.98
1.86 12 28.59
1.87 19 29.17
1.88 11 28.48
1.89 12 29.01
1.90 8 26.59
1.91 10 28.11
1.92 10 25.16
1.93 17 26.41
1.94 9 28.51
1.95 11 28.14
1.96 8 25.04
1.97 13 26.18
1.98 14 26.33
1.99 15 27.74
2.00 14 25.60
2.01 11 25.81
2.02 8 25.11
2.03 9 24.63
2.04 21 26.20
2.05 15 25.96
2.06 8 24.55
2.07 12 24.12
2.08 14 28.02
2.09 14 25.37
2.10 6 25.11
2.11 8 25.71
2.12 15 24.01
2.13 13 24.24
2.14 11 25.53
2.15 12 25.30
2.16 8 22.52
2.17 9 22.71
2.18 6 24.43
2.19 13 24.46
2.20 7 25.87
2.21 5 21.51
2.22 15 22.96
2.23 6 22.91
2.24 8 22.50
2.25 12 19.74
2.26 8 22.94
2.27 7 21.94
2.28 6 23.87
2.29 5 22.74
2.30 5 23.02
2.31 6 23.67
2.32 9 22.69
2.33 8 21.67
2.34 11 21.86
2.35 8 21.69
2.36 6 20.76
2.37 10 22.96
2.38 2 20.86
2.39 4 20.72
2.40 0 13.88
