0.10 50 0.00
0.15 36 100.00
0.20 33 94.00
0.25 36 86.00
0.30 31 91.00
0.35 37 85.00
0.40 38 83.00
0.45 33 79.00
0.50 30 72.00
0.55 32 78.00
0.60 35 74.00
0.65 29 66.00
0.70 29 63.00
0.75 36 64.00
0.80 27 60.00
0.85 24 59.00
0.90 24 70.00
0.95 28 52.00
1.00 21 62.00
1.05 24 43.00
1.10 22 43.00
1.15 17 45.00
1.20 15 50.00
1.25 20 48.00
1.30 17 39.00
1.35 20 50.00
1.40 19 40.00
1.45 18 40.00
1.50 17 45.00
1.55 19 35.00
1.60 8 44.00
1.65 16 36.00
1.70 16 39.00
1.75 17 39.00
1.80 17 34.00
1.85 13 32.00
1.90 12 33.00
1.95 10 27.00
2.00 11 24.00
2.05 10 28.00
2.10 12 32.00
2.15 7 26.00
2.20 5 26.00
2.25 6 26.00
2.30 2 18.00
2.35 2 16.00
2.40 4 17.00
2.45 4 17.00
2.50 0 20.00
