0.10 36 94.83
0.11 42 94.81
0.12 41 93.98
0.13 44 93.59
0.14 37 93.23
0.15 36 92.31
0.16 38 92.10
0.17 34 91.75
0.18 37 90.92
0.19 33 90.76
0.20 41 89.33
0.21 50 89.67
0.22 52 88.70
0.23 35 88.11
0.24 33 87.89
0.25 40 87.12
0.26 38 87.21
0.27 32 85.80
0.28 42 85.50
0.29 33 85.60
0.30 35 84.80
0.31 40 84.35
0.32 39 83.84
0.33 47 83.03
0.34 36 83.39
0.35 37 81.71
0.36 36 81.83
0.37 37 81.30
0.38 34 80.48
0.39 42 81.74
0.40 32 79.76
0.41 39 79.42
0.42 33 78.89
0.43 28 77.58
0.44 34 77.64
0.45 37 77.05
0.46 33 77.38
0.47 30 75.87
0.48 32 75.90
0.49 32 75.40
0.50 26 74.96
0.51 37 74.35
0.52 36 73.94
0.53 29 72.91
0.54 30 72.76
0.55 33 73.06
0.56 33 72.23
0.57 36 72.18
0.58 29 71.28
0.59 31 70.66
0.60 29 70.70
0.61 34 69.34
0.62 37 69.10
0.63 23 68.36
0.64 27 68.28
0.65 30 67.34
0.66 35 65.58
0.67 31 67.25
0.68 31 66.30
0.69 25 65.44
0.70 28 65.87
0.71 29 65.83
0.72 26 64.19
0.73 26 64.42
0.74 35 63.27
0.75 28 65.59
0.76 30 62.75
0.77 27 62.41
0.78 27 62.39
0.79 23 61.81
0.80 25 60.94
0.81 29 60.91
0.82 32 60.33
0.83 29 59.15
0.84 25 59.71
0.85 32 59.51
0.86 23 60.25
0.87 24 59.56
0.88 24 56.89
0.89 28 54.74
0.90 27 56.62
0.91 30 56.46
0.92 25 55.27
0.93 21 55.49
0.94 23 54.69
0.95 22 54.35
0.96 16 53.56
0.97 32 52.68
0.98 25 53.47
0.99 21 53.67
1.00 26 52.69
1.01 24 51.96
1.02 26 50.78
1.03 26 51.43
1.04 22 52.50
1.05 22 48.12
1.06 23 50.08
1.07 25 51.27
1.08 21 50.30
1.09 16 49.21
1.10 20 48.65
1.11 18 48.48
1.12 18 48.37
1.13 14 47.27
1.14 21 47.97
1.15 24 46.64
1.16 19 45.83
1.17 16 46.62
1.18 21 45.92
1.19 14 45.70
1.20 27 44.76
1.21 25 45.69
1.22 23 43.22
1.23 23 41.77
1.24 11 45.36
1.25 15 42.37
1.26 16 43.22
1.27 20 42.64
1.28 20 42.02
1.29 15 41.67
1.30 15 41.50
1.31 14 40.86
1.32 17 40.98
1.33 16 41.55
1.34 17 41.13
1.35 17 39.90
1.36 18 40.30
1.37 17 39.95
1.38 13 39.46
1.39 23 39.40
1.40 19 39.76
1.41 18 38.58
1.42 15 38.25
1.43 13 36.60
1.44 22 37.60
1.45 18 36.09
1.46 23 35.88
1.47 22 37.50
1.48 16 36.91
1.49 15 36.18
1.50 11 35.77
1.51 18 33.84
1.52 14 35.92
1.53 18 36.18
1.54 16 35.79
1.55 14 33.44
1.56 16 36.82
1.57 14 30.07
1.58 9 34.19
1.59 10 33.72
1.60 11 32.25
1.61 11 33.58
1.62 13 33.32
1.63 18 33.25
1.64 9 31.16
1.65 7 29.19
1.66 10 31.90
1.67 13 32.28
1.68 22 31.85
1.69 14 32.60
1.70 13 29.94
1.71 14 33.32
1.72 12 29.96
1.73 14 32.68
1.74 12 31.11
1.75 15 29.63
1.76 14 28.33
1.77 8 29.86
1.78 11 29.18
1.79 0 9.40
