1 77
2 82
3 79
4 72
5 88
6 82
7 77
8 78
9 68
10 71
11 68
12 75
13 79
14 73
15 78
16 71
17 68
18 70
19 73
20 67
21 78
22 71
23 81
24 79
25 87
26 69
27 81
28 77
29 80
30 67
31 71
32 72
33 71
34 70
35 81
36 72
37 85
38 83
39 67
40 75
41 66
42 70
43 71
44 64
45 84
46 74
47 77
48 87
49 73
50 77
51 72
52 76
53 79
54 70
55 77
56 77
57 75
58 73
59 77
60 75
61 72
62 74
63 70
64 69
65 70
66 72
67 71
68 74
69 73
70 72
71 66
72 78
73 83
74 85
75 61
76 66
77 72
78 79
79 79
80 81
81 78
82 81
83 79
84 74
85 78
86 67
87 75
88 77
89 75
90 78
91 74
92 88
93 69
94 75
95 80
96 78
97 82
98 81
99 73
100 82
101 68
102 67
103 83
104 70
105 79
106 72
107 76
108 81
109 71
110 74
111 79
112 70
113 80
114 75
115 68
116 73
117 71
118 73
119 70
120 73
121 77
122 65
123 79
124 88
125 70
126 73
127 73
128 73
129 75
130 74
131 80
132 76
133 70
134 75
135 86
136 77
137 70
138 80
139 69
140 71
141 67
142 69
143 75
144 79
145 77
146 68
147 81
148 78
149 76
150 69
151 69
152 75
153 67
154 63
155 70
156 72
157 75
158 72
159 69
160 69
161 79
162 76
163 76
164 77
165 78
166 75
167 66
168 65
169 83
170 76
171 69
172 74
173 71
174 76
175 75
176 76
177 78
178 76
179 68
180 82
181 80
182 76
183 86
184 72
185 77
186 63
187 77
188 75
189 77
190 73
191 72
192 78
193 78
194 78
195 72
196 73
197 68
198 80
199 80
200 58
201 73
202 71
203 74
204 73
205 71
206 77
207 63
208 74
209 76
210 62
211 69
212 75
213 70
214 72
215 82
216 80
217 71
218 67
219 70
220 71
221 71
222 69
223 76
224 77
225 69
226 68
227 84
228 80
229 77
230 79
231 74
232 75
233 72
234 68
235 73
236 77
237 72
238 67
239 81
240 67
241 80
242 77
243 75
244 83
245 67
246 73
247 67
248 82
249 74
250 71
251 66
252 77
253 69
254 79
255 72
256 77
257 76
258 67
259 76
260 68
261 73
262 61
263 76
264 83
265 85
266 78
267 76
268 68
269 70
270 79
271 77
272 79
273 74
274 79
275 60
276 72
277 76
278 57
279 75
280 68
281 65
282 78
283 86
284 73
285 74
286 79
287 71
288 76
289 69
290 73
291 68
292 74
293 66
294 75
295 71
296 77
297 69
298 80
299 71
300 75
301 64
302 71
303 73
304 83
305 71
306 64
307 72
308 78
309 71
310 71
311 78
312 76
313 64
314 66
315 75
316 64
317 56
318 78
319 71
320 60
321 59
322 73
323 75
324 68
325 76
326 73
327 70
328 73
329 76
330 68
331 60
332 87
333 74
334 79
335 70
336 79
337 62
338 66
339 83
340 68
341 74
342 73
343 71
344 74
345 71
346 74
347 72
348 72
349 69
350 69
351 62
352 62
353 75
354 74
355 77
356 73
357 66
358 72
359 63
360 74
361 73
362 77
363 78
364 73
365 70
366 70
367 68
368 63
369 66
370 65
371 72
372 63
373 71
374 72
375 77
376 84
377 72
378 70
379 65
380 76
381 68
382 70
383 71
384 68
385 70
386 74
387 81
388 75
389 74
390 77
391 67
392 70
393 74
394 66
395 71
396 68
397 78
398 73
399 66
400 78
401 77
402 64
403 64
404 58
405 73
406 77
407 65
408 69
409 72
410 72
411 75
412 72
413 69
414 75
415 69
416 78
417 66
418 69
419 72
420 82
421 70
422 64
423 74
424 72
425 69
426 78
427 74
428 67
429 81
430 81
431 73
432 72
433 68
434 71
435 66
436 70
437 75
438 69
439 62
440 66
441 74
442 68
443 70
444 78
445 69
446 69
447 66
448 70
449 55
450 76
451 66
452 73
453 72
454 71
455 68
456 67
457 72
458 70
459 74
460 64
461 64
462 74
463 72
464 66
465 79
466 75
467 67
468 72
469 59
470 69
471 68
472 63
473 72
474 62
475 78
476 76
477 65
478 73
479 67
480 72
481 72
482 65
483 72
484 75
485 75
486 63
487 65
488 66
489 66
490 71
491 63
492 68
493 68
494 64
495 63
496 59
497 62
498 66
499 61
500 73
501 63
502 66
503 72
504 73
505 69
506 66
507 70
508 63
509 69
510 72
511 66
512 70
513 68
514 64
515 77
516 84
517 58
518 54
519 69
520 65
521 77
522 69
523 73
524 72
525 65
526 69
527 66
528 67
529 71
530 78
531 61
532 59
533 76
534 64
535 80
536 77
537 75
538 70
539 59
540 69
541 72
542 68
543 65
544 65
545 71
546 67
547 69
548 76
549 70
550 65
551 65
552 69
553 84
554 66
555 65
556 63
557 66
558 75
559 73
560 56
561 71
562 72
563 69
564 63
565 66
566 69
567 67
568 68
569 67
570 59
571 58
572 65
573 63
574 61
575 68
576 81
577 63
578 74
579 75
580 74
581 69
582 77
583 66
584 68
585 70
586 69
587 74
588 65
589 72
590 67
591 83
592 66
593 79
594 63
595 65
596 71
597 67
598 66
599 64
600 75
601 67
602 70
603 69
604 62
605 65
606 74
607 65
608 69
609 66
610 73
611 69
612 61
613 63
614 64
615 65
616 69
617 66
618 70
619 62
620 67
621 66
622 58
623 62
624 60
625 76
626 81
627 63
628 62
629 67
630 69
631 73
632 70
633 67
634 59
635 69
636 66
637 65
638 75
639 61
640 70
641 63
642 66
643 75
644 80
645 70
646 76
647 63
648 77
649 71
650 73
651 62
652 63
653 63
654 67
655 69
656 74
657 65
658 58
659 68
660 69
661 63
662 60
663 68
664 55
665 62
666 69
667 68
668 68
669 59
670 62
671 65
672 62
673 61
674 66
675 69
676 63
677 64
678 63
679 61
680 71
681 72
682 60
683 65
684 64
685 71
686 74
687 62
688 75
689 67
690 65
691 71
692 64
693 74
694 70
695 72
696 76
697 65
698 59
699 72
700 69
701 73
702 67
703 71
704 68
705 62
706 56
707 67
708 69
709 57
710 64
711 62
712 66
713 57
714 72
715 75
716 69
717 64
718 70
719 69
720 72
721 67
722 68
723 61
724 70
725 59
726 58
727 60
728 66
729 71
730 66
731 66
732 72
733 66
734 66
735 72
736 59
737 66
738 68
739 66
740 62
741 67
742 66
743 72
744 68
745 67
746 65
747 66
748 62
749 72
750 71
751 65
752 55
753 66
754 63
755 76
756 68
757 57
758 63
759 64
760 71
761 66
762 65
763 67
764 57
765 70
766 70
767 71
768 63
769 70
770 64
771 59
772 66
773 65
774 65
775 58
776 65
777 73
778 62
779 69
780 66
781 76
782 72
783 68
784 59
785 65
786 61
787 64
788 63
789 65
790 58
791 60
792 64
793 62
794 72
795 60
796 71
797 65
798 65
799 65
800 64
801 63
802 62
803 68
804 70
805 62
806 74
807 67
808 64
809 57
810 68
811 66
812 81
813 63
814 66
815 71
816 70
817 71
818 69
819 72
820 64
821 68
822 70
823 63
824 61
825 64
826 64
827 58
828 77
829 75
830 70
831 63
832 62
833 75
834 63
835 64
836 66
837 62
838 73
839 73
840 70
841 65
842 78
843 66
844 74
845 63
846 60
847 74
848 67
849 68
850 67
851 67
852 56
853 70
854 64
855 64
856 67
857 58
858 57
859 68
860 60
861 61
862 70
863 72
864 67
865 71
866 71
867 67
868 73
869 67
870 71
871 62
872 72
873 68
874 62
875 60
876 61
877 63
878 61
879 68
880 69
881 54
882 65
883 63
884 70
885 62
886 69
887 68
888 66
889 61
890 60
891 62
892 67
893 68
894 58
895 68
896 61
897 60
898 71
899 61
900 57
901 68
902 60
903 59
904 74
905 61
906 68
907 63
908 60
909 61
910 60
911 69
912 58
913 57
914 64
915 61
916 61
917 67
918 53
919 61
920 56
921 64
922 69
923 56
924 71
925 67
926 65
927 64
928 58
929 63
930 64
931 64
932 65
933 64
934 57
935 62
936 55
937 69
938 64
939 63
940 65
941 64
942 71
943 53
944 67
945 63
946 69
947 60
948 59
949 67
950 64
951 65
952 65
953 62
954 55
955 57
956 69
957 60
958 66
959 60
960 66
961 56
962 66
963 68
964 61
965 58
966 64
967 54
968 65
969 61
970 61
971 64
972 58
973 56
974 70
975 64
976 61
977 63
978 58
979 65
980 62
981 61
982 60
983 64
984 52
985 64
986 61
987 71
988 61
989 61
990 65
991 69
992 70
993 70
994 69
995 71
996 66
997 61
998 66
999 54
1000 67
1001 62
1002 68
1003 62
1004 69
1005 59
1006 58
1007 52
1008 58
1009 55
1010 57
1011 58
1012 70
1013 59
1014 48
1015 48
1016 58
1017 61
1018 63
1019 56
1020 70
1021 67
1022 59
1023 60
1024 63
1025 68
1026 63
1027 59
1028 61
1029 57
1030 61
1031 61
1032 60
1033 62
1034 69
1035 56
1036 68
1037 58
1038 53
1039 76
1040 56
1041 55
1042 56
1043 65
1044 60
1045 58
1046 62
1047 65
1048 63
1049 68
1050 60
1051 66
1052 58
1053 64
1054 58
1055 68
1056 54
1057 60
1058 62
1059 61
1060 56
1061 58
1062 60
1063 67
1064 57
1065 69
1066 65
1067 69
1068 59
1069 58
1070 60
1071 61
1072 65
1073 58
1074 71
1075 68
1076 63
1077 63
1078 60
1079 66
1080 57
1081 62
1082 60
1083 59
1084 60
1085 65
1086 57
1087 66
1088 65
1089 55
1090 63
1091 72
1092 61
1093 61
1094 58
1095 65
1096 66
1097 62
1098 66
1099 66
1100 70
1101 65
1102 62
1103 58
1104 62
1105 64
1106 71
1107 55
1108 66
1109 60
1110 65
1111 66
1112 58
1113 62
1114 54
1115 60
1116 62
1117 66
1118 55
1119 61
1120 67
1121 57
1122 68
1123 65
1124 62
1125 59
1126 65
1127 70
1128 54
1129 62
1130 68
1131 67
1132 53
1133 63
1134 68
1135 56
1136 62
1137 50
1138 51
1139 63
1140 66
1141 64
1142 61
1143 53
1144 74
1145 59
1146 63
1147 61
1148 65
1149 57
1150 60
1151 60
1152 60
1153 64
1154 67
1155 64
1156 70
1157 61
1158 60
1159 57
1160 61
1161 57
1162 69
1163 58
1164 58
1165 66
1166 64
1167 61
1168 64
1169 59
1170 61
1171 57
1172 66
1173 66
1174 59
1175 71
1176 56
1177 54
1178 61
1179 68
1180 59
1181 61
1182 64
1183 55
1184 66
1185 56
1186 57
1187 72
1188 67
1189 57
1190 65
1191 55
1192 59
1193 60
1194 62
1195 58
1196 67
1197 58
1198 59
1199 58
1200 61
1201 59
1202 53
1203 56
1204 63
1205 57
1206 62
1207 68
1208 65
1209 52
1210 63
1211 62
1212 55
1213 56
1214 56
1215 56
1216 53
1217 63
1218 59
1219 68
1220 60
1221 61
1222 55
1223 62
1224 56
1225 66
1226 55
1227 63
1228 63
1229 62
1230 67
1231 60
1232 65
1233 65
1234 59
1235 64
1236 55
1237 60
1238 59
1239 54
1240 58
1241 50
1242 54
1243 56
1244 62
1245 53
1246 56
1247 61
1248 64
1249 57
1250 64
1251 69
1252 67
1253 49
1254 48
1255 67
1256 57
1257 63
1258 61
1259 64
1260 62
1261 54
1262 52
1263 59
1264 56
1265 53
1266 52
1267 54
1268 54
1269 63
1270 59
1271 63
1272 53
1273 52
1274 65
1275 62
1276 60
1277 59
1278 68
1279 52
1280 55
1281 66
1282 59
1283 61
1284 63
1285 61
1286 48
1287 58
1288 53
1289 50
1290 61
1291 69
1292 65
1293 58
1294 61
1295 63
1296 58
1297 52
1298 60
1299 52
1300 51
1301 54
1302 54
1303 48
1304 66
1305 57
1306 47
1307 67
1308 63
1309 61
1310 57
1311 50
1312 53
1313 51
1314 49
1315 49
1316 61
1317 44
1318 60
1319 57
1320 63
1321 65
1322 53
1323 61
1324 50
1325 63
1326 60
1327 59
1328 61
1329 71
1330 57
1331 57
1332 59
1333 55
1334 63
1335 56
1336 56
1337 52
1338 51
1339 63
1340 57
1341 58
1342 56
1343 57
1344 61
1345 62
1346 60
1347 57
1348 57
1349 65
1350 54
1351 58
1352 57
1353 53
1354 54
1355 48
1356 52
1357 55
1358 56
1359 59
1360 53
1361 58
1362 67
1363 72
1364 60
1365 54
1366 54
1367 55
1368 43
1369 54
1370 60
1371 54
1372 55
1373 53
1374 53
1375 55
1376 64
1377 64
1378 53
1379 57
1380 59
1381 51
1382 51
1383 57
1384 52
1385 50
1386 69
1387 48
1388 55
1389 52
1390 55
1391 53
1392 60
1393 54
1394 58
1395 51
1396 60
1397 63
1398 54
1399 55
1400 47
1401 57
1402 66
1403 63
1404 54
1405 62
1406 59
1407 60
1408 58
1409 56
1410 53
1411 51
1412 65
1413 54
1414 60
1415 56
1416 58
1417 60
1418 57
1419 53
1420 62
1421 49
1422 59
1423 49
1424 63
1425 61
1426 53
1427 60
1428 60
1429 57
1430 50
1431 66
1432 55
1433 57
1434 52
1435 63
1436 54
1437 61
1438 50
1439 62
1440 57
1441 50
1442 59
1443 59
1444 53
1445 55
1446 58
1447 54
1448 62
1449 61
1450 64
1451 49
1452 58
1453 52
1454 49
1455 58
1456 54
1457 64
1458 47
1459 59
1460 60
1461 47
1462 50
1463 64
1464 57
1465 59
1466 54
1467 58
1468 54
1469 56
1470 59
1471 56
1472 49
1473 62
1474 54
1475 52
1476 67
1477 53
1478 52
1479 60
1480 59
1481 60
1482 52
1483 61
1484 60
1485 59
1486 58
1487 54
1488 63
1489 52
1490 55
1491 58
1492 57
1493 51
1494 51
1495 55
1496 52
1497 49
1498 60
1499 55
1500 67
1501 51
1502 59
1503 54
1504 57
1505 48
1506 60
1507 59
1508 52
1509 48
1510 64
1511 58
1512 50
1513 50
1514 56
1515 68
1516 51
1517 51
1518 56
1519 56
1520 60
1521 44
1522 44
1523 49
1524 61
1525 60
1526 56
1527 52
1528 49
1529 49
1530 55
1531 54
1532 51
1533 63
1534 63
1535 55
1536 46
1537 57
1538 53
1539 63
1540 58
1541 63
1542 51
1543 54
1544 54
1545 66
1546 53
1547 57
1548 68
1549 59
1550 63
1551 51
1552 60
1553 58
1554 52
1555 61
1556 56
1557 40
1558 47
1559 57
1560 53
1561 53
1562 49
1563 53
1564 61
1565 52
1566 55
1567 59
1568 60
1569 51
1570 62
1571 59
1572 63
1573 59
1574 63
1575 48
1576 50
1577 49
1578 56
1579 52
1580 57
1581 46
1582 60
1583 54
1584 56
1585 51
1586 56
1587 50
1588 64
1589 52
1590 56
1591 53
1592 47
1593 68
1594 59
1595 52
1596 54
1597 58
1598 51
1599 53
1600 54
1601 61
1602 56
1603 51
1604 47
1605 51
1606 62
1607 56
1608 65
1609 53
1610 58
1611 58
1612 60
1613 50
1614 57
1615 50
1616 61
1617 57
1618 50
1619 59
1620 59
1621 52
1622 48
1623 51
1624 53
1625 55
1626 51
1627 55
1628 58
1629 55
1630 64
1631 56
1632 43
1633 58
1634 58
1635 62
1636 60
1637 56
1638 50
1639 55
1640 63
1641 53
1642 58
1643 47
1644 58
1645 58
1646 47
1647 54
1648 58
1649 60
1650 56
1651 54
1652 53
1653 58
1654 51
1655 57
1656 53
1657 58
1658 56
1659 69
1660 43
1661 50
1662 46
1663 55
1664 55
1665 49
1666 57
1667 57
1668 57
1669 54
1670 52
1671 49
1672 50
1673 63
1674 61
1675 62
1676 62
1677 45
1678 53
1679 52
1680 56
1681 45
1682 63
1683 56
1684 68
1685 56
1686 52
1687 39
1688 48
1689 59
1690 64
1691 53
1692 64
1693 56
1694 55
1695 52
1696 51
1697 55
1698 48
1699 57
1700 50
1701 55
1702 60
1703 54
1704 53
1705 56
1706 55
1707 57
1708 48
1709 52
1710 47
1711 54
1712 52
1713 58
1714 43
1715 50
1716 49
1717 52
1718 49
1719 60
1720 51
1721 55
1722 55
1723 54
1724 52
1725 54
1726 55
1727 47
1728 51
1729 54
1730 52
1731 52
1732 58
1733 60
1734 51
1735 50
1736 53
1737 53
1738 63
1739 46
1740 65
1741 48
1742 65
1743 53
1744 60
1745 52
1746 53
1747 53
1748 62
1749 57
1750 50
1751 40
1752 56
1753 45
1754 55
1755 53
1756 60
1757 52
1758 56
1759 53
1760 47
1761 67
1762 45
1763 56
1764 48
1765 55
1766 53
1767 54
1768 54
1769 46
1770 48
1771 53
1772 59
1773 57
1774 59
1775 54
1776 50
1777 57
1778 45
1779 53
1780 54
1781 55
1782 44
1783 54
1784 57
1785 53
1786 48
1787 57
1788 61
1789 63
1790 58
1791 56
1792 52
1793 54
1794 53
1795 49
1796 46
1797 49
1798 46
1799 58
1800 46
1801 43
1802 49
1803 44
1804 45
1805 51
1806 56
1807 37
1808 52
1809 54
1810 55
1811 57
1812 51
1813 56
1814 49
1815 46
1816 58
1817 50
1818 43
1819 50
1820 53
1821 53
1822 51
1823 59
1824 46
1825 53
1826 40
1827 43
1828 50
1829 55
1830 44
1831 51
1832 51
1833 51
1834 52
1835 58
1836 48
1837 58
1838 62
1839 45
1840 49
1841 55
1842 55
1843 59
1844 58
1845 49
1846 52
1847 50
1848 51
1849 57
1850 53
1851 51
1852 56
1853 49
1854 56
1855 52
1856 63
1857 57
1858 47
1859 52
1860 48
1861 56
1862 48
1863 40
1864 51
1865 63
1866 56
1867 53
1868 48
1869 57
1870 59
1871 58
1872 49
1873 59
1874 51
1875 56
1876 52
1877 50
1878 58
1879 50
1880 45
1881 53
1882 51
1883 44
1884 50
1885 50
1886 49
1887 49
1888 51
1889 48
1890 55
1891 41
1892 52
1893 59
1894 55
1895 47
1896 46
1897 51
1898 49
1899 53
1900 58
1901 49
1902 49
1903 60
1904 42
1905 50
1906 54
1907 46
1908 48
1909 55
1910 51
1911 52
1912 50
1913 58
1914 46
1915 51
1916 45
1917 37
1918 55
1919 49
1920 44
1921 43
1922 44
1923 58
1924 52
1925 48
1926 50
1927 49
1928 45
1929 60
1930 56
1931 56
1932 49
1933 44
1934 42
1935 44
1936 50
1937 52
1938 48
1939 51
1940 40
1941 50
1942 51
1943 46
1944 50
1945 51
1946 48
1947 52
1948 56
1949 48
1950 55
1951 61
1952 53
1953 57
1954 58
1955 49
1956 50
1957 51
1958 54
1959 49
1960 52
1961 46
1962 52
1963 52
1964 56
1965 54
1966 48
1967 46
1968 56
1969 47
1970 51
1971 46
1972 43
1973 55
1974 52
1975 39
1976 44
1977 47
1978 52
1979 44
1980 49
1981 48
1982 58
1983 51
1984 60
1985 50
1986 47
1987 34
1988 45
1989 50
1990 54
1991 47
1992 49
1993 43
1994 57
1995 46
1996 50
1997 51
1998 46
1999 53
2000 53
2001 51
2002 51
2003 47
2004 49
2005 52
2006 44
2007 57
2008 47
2009 53
2010 45
2011 51
2012 48
2013 64
2014 43
2015 50
2016 42
2017 46
2018 48
2019 49
2020 40
2021 47
2022 40
2023 52
2024 47
2025 35
2026 58
2027 53
2028 48
2029 45
2030 58
2031 52
2032 44
2033 50
2034 51
2035 44
2036 55
2037 45
2038 41
2039 45
2040 47
2041 41
2042 44
2043 50
2044 55
2045 47
2046 49
2047 49
2048 42
2049 42
2050 37
2051 52
2052 47
2053 49
2054 46
2055 47
2056 50
2057 53
2058 50
2059 49
2060 44
2061 53
2062 47
2063 41
2064 39
2065 41
2066 51
2067 48
2068 57
2069 45
2070 50
2071 56
2072 56
2073 49
2074 51
2075 48
2076 58
2077 41
2078 46
2079 42
2080 42
2081 43
2082 41
2083 44
2084 46
2085 48
2086 48
2087 43
2088 57
2089 48
2090 39
2091 53
2092 43
2093 47
2094 54
2095 50
2096 48
2097 42
2098 51
2099 45
2100 44
2101 50
2102 41
2103 47
2104 52
2105 46
2106 47
2107 47
2108 48
2109 53
2110 48
2111 56
2112 44
2113 47
2114 57
2115 43
2116 47
2117 49
2118 59
2119 52
2120 48
2121 43
2122 58
2123 47
2124 44
2125 51
2126 49
2127 48
2128 45
2129 49
2130 43
2131 50
2132 48
2133 43
2134 45
2135 40
2136 47
2137 45
2138 53
2139 53
2140 44
2141 36
2142 46
2143 46
2144 55
2145 41
2146 52
2147 43
2148 46
2149 40
2150 49
2151 50
2152 55
2153 44
2154 52
2155 41
2156 45
2157 45
2158 42
2159 43
2160 50
2161 51
2162 45
2163 43
2164 52
2165 42
2166 49
2167 46
2168 55
2169 49
2170 42
2171 44
2172 49
2173 57
2174 59
2175 39
2176 46
2177 45
2178 46
2179 52
2180 46
2181 46
2182 47
2183 56
2184 46
2185 40
2186 48
2187 45
2188 48
2189 47
2190 52
2191 41
2192 40
2193 45
2194 46
2195 40
2196 51
2197 51
2198 52
2199 39
2200 48
2201 50
2202 52
2203 54
2204 49
2205 40
2206 40
2207 41
2208 50
2209 48
2210 47
2211 48
2212 47
2213 44
2214 49
2215 43
2216 55
2217 48
2218 44
2219 46
2220 55
2221 47
2222 46
2223 57
2224 49
2225 39
2226 53
2227 45
2228 50
2229 49
2230 47
2231 49
2232 46
2233 38
2234 42
2235 50
2236 47
2237 49
2238 50
2239 43
2240 38
2241 52
2242 47
2243 44
2244 46
2245 51
2246 37
2247 47
2248 45
2249 41
2250 53
2251 42
2252 51
2253 49
2254 46
2255 47
2256 49
2257 54
2258 48
2259 52
2260 57
2261 48
2262 54
2263 39
2264 48
2265 54
2266 56
2267 47
2268 46
2269 50
2270 48
2271 43
2272 38
2273 48
2274 51
2275 48
2276 45
2277 49
2278 41
2279 50
2280 42
2281 37
2282 54
2283 51
2284 49
2285 47
2286 46
2287 41
2288 38
2289 44
2290 47
2291 49
2292 51
2293 45
2294 41
2295 39
2296 42
2297 37
2298 39
2299 42
2300 44
2301 49
2302 42
2303 50
2304 40
2305 50
2306 47
2307 45
2308 35
2309 54
2310 48
2311 38
2312 34
2313 46
2314 49
2315 45
2316 39
2317 49
2318 47
2319 43
2320 54
2321 46
2322 47
2323 53
2324 35
2325 42
2326 37
2327 38
2328 45
2329 50
2330 51
2331 50
2332 46
2333 42
2334 49
2335 42
2336 46
2337 43
2338 35
2339 37
2340 34
2341 52
2342 45
2343 44
2344 46
2345 41
2346 38
2347 50
2348 48
2349 51
2350 43
2351 41
2352 34
2353 46
2354 42
2355 45
2356 49
2357 47
2358 47
2359 39
2360 48
2361 45
2362 43
2363 52
2364 40
2365 33
2366 42
2367 41
2368 46
2369 44
2370 54
2371 42
2372 42
2373 44
2374 48
2375 47
2376 36
2377 48
2378 37
2379 36
2380 37
2381 48
2382 35
2383 44
2384 44
2385 37
2386 39
2387 52
2388 49
2389 47
2390 53
2391 39
2392 47
2393 47
2394 42
2395 45
2396 47
2397 49
2398 35
2399 40
2400 52
2401 48
2402 51
2403 40
2404 42
2405 45
2406 40
2407 36
2408 37
2409 48
2410 43
2411 48
2412 52
2413 38
2414 38
2415 38
2416 46
2417 44
2418 38
2419 50
2420 49
2421 40
2422 42
2423 49
2424 34
2425 42
2426 38
2427 45
2428 41
2429 48
2430 38
2431 42
2432 46
2433 50
2434 35
2435 45
2436 56
2437 43
2438 43
2439 44
2440 51
2441 41
2442 41
2443 44
2444 45
2445 46
2446 43
2447 38
2448 40
2449 49
2450 49
2451 49
2452 42
2453 35
2454 48
2455 39
2456 39
2457 46
2458 42
2459 39
2460 44
2461 42
2462 45
2463 45
2464 45
2465 59
2466 45
2467 38
2468 42
2469 52
2470 55
2471 43
2472 39
2473 47
2474 43
2475 44
2476 39
2477 39
2478 42
2479 43
2480 48
2481 38
2482 42
2483 36
2484 39
2485 50
2486 39
2487 46
2488 41
2489 40
2490 47
2491 51
2492 38
2493 47
2494 49
2495 48
2496 52
2497 39
2498 41
2499 40
2500 55
2501 49
2502 44
2503 38
2504 42
2505 44
2506 45
2507 44
2508 43
2509 47
2510 39
2511 34
2512 36
2513 38
2514 40
2515 45
2516 41
2517 36
2518 47
2519 40
2520 43
2521 40
2522 46
2523 46
2524 35
2525 42
2526 50
2527 42
2528 44
2529 42
2530 51
2531 38
2532 40
2533 43
2534 42
2535 41
2536 40
2537 49
2538 37
2539 50
2540 50
2541 50
2542 44
2543 41
2544 39
2545 42
2546 47
2547 41
2548 38
2549 37
2550 35
2551 37
2552 47
2553 44
2554 44
2555 43
2556 44
2557 48
2558 45
2559 38
2560 47
2561 52
2562 41
2563 41
2564 43
2565 39
2566 51
2567 46
2568 44
2569 36
2570 39
2571 43
2572 45
2573 52
2574 49
2575 49
2576 44
2577 35
2578 36
2579 42
2580 41
2581 42
2582 33
2583 44
2584 41
2585 40
2586 39
2587 41
2588 38
2589 47
2590 55
2591 43
2592 47
2593 58
2594 43
2595 51
2596 41
2597 43
2598 44
2599 40
2600 42
2601 39
2602 48
2603 39
2604 46
2605 42
2606 39
2607 41
2608 39
2609 45
2610 36
2611 42
2612 50
2613 33
2614 41
2615 48
2616 45
2617 35
2618 41
2619 35
2620 47
2621 33
2622 45
2623 44
2624 30
2625 33
2626 44
2627 42
2628 30
2629 42
2630 47
2631 45
2632 41
2633 46
2634 46
2635 48
2636 51
2637 45
2638 49
2639 37
2640 45
2641 40
2642 39
2643 44
2644 52
2645 54
2646 39
2647 50
2648 39
2649 41
2650 42
2651 54
2652 46
2653 34
2654 44
2655 41
2656 47
2657 39
2658 34
2659 34
2660 37
2661 42
2662 32
2663 37
2664 48
2665 42
2666 35
2667 44
2668 46
2669 34
2670 39
2671 44
2672 45
2673 45
2674 41
2675 40
2676 41
2677 48
2678 41
2679 40
2680 43
2681 48
2682 44
2683 39
2684 42
2685 42
2686 38
2687 39
2688 42
2689 37
2690 46
2691 40
2692 42
2693 37
2694 39
2695 34
2696 42
2697 44
2698 42
2699 39
2700 40
2701 39
2702 43
2703 40
2704 34
2705 42
2706 44
2707 41
2708 43
2709 43
2710 42
2711 39
2712 39
2713 35
2714 46
2715 43
2716 36
2717 43
2718 35
2719 42
2720 42
2721 45
2722 45
2723 44
2724 41
2725 39
2726 46
2727 47
2728 40
2729 46
2730 40
2731 36
2732 37
2733 35
2734 39
2735 44
2736 35
2737 42
2738 47
2739 40
2740 35
2741 35
2742 38
2743 41
2744 46
2745 34
2746 45
2747 38
2748 43
2749 30
2750 39
2751 38
2752 43
2753 42
2754 41
2755 47
2756 33
2757 31
2758 39
2759 33
2760 36
2761 39
2762 42
2763 41
2764 46
2765 38
2766 36
2767 50
2768 41
2769 43
2770 34
2771 36
2772 44
2773 41
2774 48
2775 36
2776 42
2777 51
2778 34
2779 43
2780 40
2781 45
2782 43
2783 41
2784 37
2785 37
2786 48
2787 41
2788 40
2789 34
2790 38
2791 39
2792 35
2793 41
2794 37
2795 34
2796 37
2797 32
2798 39
2799 35
2800 46
2801 39
2802 42
2803 39
2804 38
2805 43
2806 39
2807 37
2808 30
2809 46
2810 43
2811 36
2812 38
2813 43
2814 38
2815 43
2816 37
2817 33
2818 51
2819 37
2820 42
2821 47
2822 33
2823 40
2824 43
2825 40
2826 40
2827 35
2828 44
2829 45
2830 38
2831 40
2832 40
2833 35
2834 37
2835 36
2836 36
2837 32
2838 35
2839 36
2840 32
2841 36
2842 31
2843 43
2844 42
2845 42
2846 34
2847 35
2848 44
2849 46
2850 45
2851 41
2852 40
2853 37
2854 38
2855 44
2856 33
2857 35
2858 40
2859 30
2860 42
2861 37
2862 43
2863 41
2864 34
2865 51
2866 43
2867 37
2868 30
2869 39
2870 38
2871 35
2872 35
2873 35
2874 34
2875 41
2876 41
2877 40
2878 45
2879 38
2880 26
2881 34
2882 38
2883 38
2884 19
2885 34
2886 43
2887 44
2888 37
2889 37
2890 33
2891 35
2892 38
2893 40
2894 47
2895 27
2896 48
2897 41
2898 43
2899 43
2900 20
2901 46
2902 35
2903 42
2904 39
2905 46
2906 40
2907 43
2908 38
2909 41
2910 34
2911 49
2912 40
2913 37
2914 38
2915 39
2916 43
2917 33
2918 39
2919 41
2920 42
2921 34
2922 25
2923 44
2924 44
2925 35
2926 37
2927 43
2928 38
2929 31
2930 28
2931 34
2932 46
2933 45
2934 40
2935 41
2936 36
2937 30
2938 38
2939 34
2940 36
2941 37
2942 38
2943 32
2944 39
2945 39
2946 44
2947 40
2948 33
2949 40
2950 29
2951 38
2952 42
2953 36
2954 42
2955 33
2956 37
2957 36
2958 35
2959 37
2960 37
2961 35
2962 40
2963 41
2964 34
2965 46
2966 38
2967 29
2968 32
2969 38
2970 37
2971 34
2972 37
2973 40
2974 36
2975 22
2976 30
2977 38
2978 22
2979 47
2980 48
2981 39
2982 35
2983 32
2984 43
2985 33
2986 30
2987 38
2988 32
2989 34
2990 36
2991 41
2992 41
2993 36
2994 37
2995 34
2996 43
2997 40
2998 42
2999 38
3000 35
3001 43
3002 40
3003 29
3004 43
3005 38
3006 38
3007 43
3008 39
3009 43
3010 34
3011 33
3012 28
3013 37
3014 37
3015 32
3016 29
3017 37
3018 32
3019 42
3020 30
3021 33
3022 39
3023 36
3024 35
3025 26
3026 22
3027 46
3028 32
3029 41
3030 30
3031 34
3032 36
3033 30
3034 42
3035 50
3036 40
3037 29
3038 36
3039 33
3040 38
3041 34
3042 38
3043 42
3044 44
3045 44
3046 27
3047 39
3048 36
3049 37
3050 27
3051 34
3052 41
3053 35
3054 36
3055 34
3056 34
3057 41
3058 34
3059 36
3060 37
3061 29
3062 41
3063 25
3064 38
3065 37
3066 39
3067 36
3068 30
3069 41
3070 39
3071 39
3072 33
3073 36
3074 39
3075 37
3076 31
3077 35
3078 36
3079 33
3080 32
3081 39
3082 42
3083 41
3084 26
3085 35
3086 38
3087 41
3088 28
3089 40
3090 38
3091 37
3092 36
3093 41
3094 34
3095 34
3096 36
3097 42
3098 36
3099 26
3100 39
3101 34
3102 36
3103 32
3104 36
3105 39
3106 38
3107 42
3108 34
3109 30
3110 36
3111 36
3112 34
3113 39
3114 36
3115 38
3116 35
3117 38
3118 35
3119 38
3120 28
3121 28
3122 36
3123 33
3124 45
3125 30
3126 31
3127 30
3128 45
3129 34
3130 33
3131 40
3132 32
3133 42
3134 36
3135 29
3136 42
3137 38
3138 36
3139 33
3140 22
3141 39
3142 35
3143 36
3144 36
3145 36
3146 30
3147 35
3148 33
3149 29
3150 41
3151 39
3152 39
3153 24
3154 31
3155 23
3156 37
3157 36
3158 28
3159 32
3160 40
3161 29
3162 37
3163 32
3164 30
3165 24
3166 21
3167 35
3168 35
3169 36
3170 34
3171 42
3172 33
3173 33
3174 32
3175 31
3176 35
3177 31
3178 36
3179 25
3180 31
3181 40
3182 25
3183 26
3184 41
3185 38
3186 36
3187 31
3188 35
3189 26
3190 41
3191 46
3192 39
3193 40
3194 37
3195 24
3196 35
3197 33
3198 26
3199 32
3200 40
3201 42
3202 31
3203 39
3204 35
3205 22
3206 34
3207 28
3208 37
3209 30
3210 29
3211 32
3212 27
3213 38
3214 46
3215 36
3216 41
3217 30
3218 35
3219 28
3220 34
3221 37
3222 34
3223 35
3224 27
3225 27
3226 38
3227 39
3228 33
3229 33
3230 30
3231 30
3232 23
3233 30
3234 34
3235 36
3236 35
3237 15
3238 36
3239 40
3240 37
3241 40
3242 37
3243 29
3244 31
3245 38
3246 36
3247 35
3248 38
3249 34
3250 32
3251 33
3252 37
3253 31
3254 41
3255 26
3256 32
3257 32
3258 31
3259 26
3260 42
3261 41
3262 38
3263 28
3264 34
3265 32
3266 42
3267 38
3268 35
3269 28
3270 17
3271 35
3272 36
3273 26
3274 22
3275 30
3276 30
3277 38
3278 32
3279 33
3280 35
3281 30
3282 34
3283 39
3284 22
3285 41
3286 35
3287 35
3288 34
3289 30
3290 27
3291 33
3292 38
3293 34
3294 19
3295 34
3296 35
3297 36
3298 38
3299 31
3300 33
3301 42
3302 37
3303 29
3304 32
3305 32
3306 32
3307 40
3308 21
3309 30
3310 34
3311 25
3312 35
3313 30
3314 39
3315 28
3316 27
3317 33
3318 41
3319 34
3320 29
3321 30
3322 40
3323 31
3324 31
3325 23
3326 36
3327 34
3328 36
3329 40
3330 32
3331 35
3332 29
3333 32
3334 34
3335 32
3336 36
3337 37
3338 36
3339 34
3340 28
3341 34
3342 33
3343 34
3344 36
3345 40
3346 25
3347 32
3348 36
3349 35
3350 22
3351 33
3352 16
3353 29
3354 33
3355 29
3356 33
3357 27
3358 28
3359 28
3360 31
3361 30
3362 41
3363 39
3364 26
3365 28
3366 23
3367 30
3368 28
3369 40
3370 34
3371 25
3372 29
3373 28
3374 32
3375 19
3376 21
3377 38
3378 27
3379 32
3380 27
3381 32
3382 33
3383 42
3384 31
3385 25
3386 36
3387 38
3388 26
3389 31
3390 33
3391 40
3392 32
3393 37
3394 31
3395 29
3396 33
3397 41
3398 36
3399 28
3400 31
3401 37
3402 24
3403 37
3404 29
3405 33
3406 30
3407 37
3408 28
3409 32
3410 25
3411 27
3412 33
3413 30
3414 40
3415 34
3416 34
3417 26
3418 42
3419 23
3420 28
3421 30
3422 33
3423 36
3424 34
3425 27
3426 30
3427 36
3428 35
3429 20
3430 34
3431 31
3432 33
3433 35
3434 40
3435 36
3436 28
3437 30
3438 32
3439 27
3440 30
3441 30
3442 31
3443 36
3444 33
3445 35
3446 26
3447 35
3448 25
3449 31
3450 32
3451 35
3452 30
3453 22
3454 25
3455 32
3456 34
3457 29
3458 37
3459 33
3460 34
3461 20
3462 32
3463 37
3464 35
3465 34
3466 20
3467 33
3468 36
3469 27
3470 39
3471 25
3472 30
3473 30
3474 39
3475 39
3476 36
3477 30
3478 27
3479 21
3480 36
3481 28
3482 31
3483 30
3484 30
3485 25
3486 32
3487 35
3488 27
3489 37
3490 34
3491 31
3492 34
3493 36
3494 30
3495 34
3496 40
3497 26
3498 32
3499 30
3500 36
3501 36
3502 32
3503 34
3504 31
3505 33
3506 28
3507 31
3508 31
3509 33
3510 37
3511 36
3512 31
3513 31
3514 35
3515 31
3516 34
3517 29
3518 37
3519 21
3520 30
3521 30
3522 29
3523 38
3524 34
3525 32
3526 33
3527 28
3528 20
3529 37
3530 31
3531 20
3532 27
3533 34
3534 36
3535 36
3536 23
3537 27
3538 28
3539 20
3540 28
3541 35
3542 25
3543 30
3544 39
3545 33
3546 25
3547 38
3548 24
3549 36
3550 24
3551 25
3552 35
3553 34
3554 36
3555 26
3556 28
3557 26
3558 23
3559 37
3560 33
3561 28
3562 35
3563 28
3564 30
3565 34
3566 29
3567 29
3568 28
3569 24
3570 30
3571 38
3572 28
3573 17
3574 32
3575 25
3576 20
3577 31
3578 35
3579 22
3580 29
3581 27
3582 41
3583 29
3584 33
3585 30
3586 24
3587 36
3588 33
3589 28
3590 27
3591 23
3592 35
3593 31
3594 29
3595 32
3596 33
3597 40
3598 13
3599 31
3600 23
3601 25
3602 30
3603 29
3604 42
3605 25
3606 32
3607 27
3608 23
3609 29
3610 17
3611 22
3612 30
3613 25
3614 27
3615 25
3616 29
3617 21
3618 36
3619 35
3620 35
3621 31
3622 32
3623 36
3624 22
3625 23
3626 36
3627 30
3628 31
3629 31
3630 26
3631 31
3632 25
3633 32
3634 29
3635 21
3636 40
3637 36
3638 36
3639 28
3640 28
3641 24
3642 20
3643 28
3644 35
3645 35
3646 31
3647 32
3648 39
3649 36
3650 34
3651 29
3652 29
3653 21
3654 30
3655 25
3656 24
3657 21
3658 19
3659 30
3660 27
3661 22
3662 24
3663 26
3664 26
3665 25
3666 28
3667 31
3668 23
3669 35
3670 25
3671 32
3672 25
3673 16
3674 27
3675 38
3676 27
3677 20
3678 22
3679 24
3680 34
3681 27
3682 29
3683 27
3684 29
3685 31
3686 24
3687 35
3688 22
3689 29
3690 21
3691 25
3692 31
3693 34
3694 25
3695 28
3696 22
3697 27
3698 30
3699 37
3700 27
3701 33
3702 20
3703 26
3704 27
3705 29
3706 29
3707 20
3708 32
3709 30
3710 27
3711 20
3712 34
3713 26
3714 32
3715 35
3716 31
3717 25
3718 23
3719 30
3720 28
3721 36
3722 29
3723 32
3724 18
3725 32
3726 20
3727 26
3728 29
3729 35
3730 29
3731 27
3732 29
3733 29
3734 24
3735 26
3736 27
3737 20
3738 23
3739 26
3740 28
3741 15
3742 29
3743 23
3744 23
3745 25
3746 28
3747 24
3748 25
3749 22
3750 38
3751 23
3752 39
3753 29
3754 33
3755 20
3756 35
3757 26
3758 28
3759 23
3760 27
3761 24
3762 19
3763 24
3764 25
3765 27
3766 28
3767 25
3768 25
3769 30
3770 21
3771 21
3772 24
3773 27
3774 25
3775 25
3776 22
3777 26
3778 31
3779 33
3780 30
3781 34
3782 17
3783 27
3784 32
3785 23
3786 23
3787 34
3788 23
3789 20
3790 22
3791 30
3792 23
3793 16
3794 32
3795 27
3796 36
3797 24
3798 24
3799 44
3800 20
3801 32
3802 19
3803 30
3804 30
3805 20
3806 37
3807 26
3808 21
3809 29
3810 30
3811 24
3812 19
3813 30
3814 23
3815 24
3816 28
3817 22
3818 21
3819 18
3820 36
3821 18
3822 25
3823 19
3824 34
3825 30
3826 17
3827 25
3828 17
3829 28
3830 28
3831 16
3832 26
3833 28
3834 32
3835 20
3836 29
3837 26
3838 20
3839 25
3840 27
3841 31
3842 22
3843 25
3844 10
3845 23
3846 26
3847 30
3848 28
3849 26
3850 26
3851 25
3852 25
3853 19
3854 25
3855 15
3856 25
3857 20
3858 25
3859 26
3860 30
3861 16
3862 24
3863 29
3864 25
3865 29
3866 27
3867 31
3868 23
3869 28
3870 27
3871 24
3872 29
3873 18
3874 36
3875 25
3876 26
3877 20
3878 18
3879 23
3880 27
3881 30
3882 31
3883 24
3884 20
3885 30
3886 23
3887 14
3888 24
3889 21
3890 14
3891 20
3892 29
3893 24
3894 23
3895 22
3896 23
3897 21
3898 33
3899 22
3900 22
3901 27
3902 25
3903 27
3904 21
3905 24
3906 28
3907 20
3908 27
3909 18
3910 29
3911 18
3912 26
3913 24
3914 23
3915 23
3916 27
3917 18
3918 23
3919 20
3920 23
3921 26
3922 26
3923 20
3924 22
3925 27
3926 22
3927 24
3928 22
3929 31
3930 27
3931 25
3932 22
3933 16
3934 26
3935 30
3936 17
3937 28
3938 25
3939 21
3940 18
3941 23
3942 23
3943 26
3944 18
3945 30
3946 28
3947 27
3948 27
3949 26
3950 20
3951 19
3952 26
3953 22
3954 27
3955 13
3956 21
3957 20
3958 28
3959 26
3960 25
3961 13
3962 31
3963 23
3964 27
3965 28
3966 24
3967 10
3968 31
3969 29
3970 28
3971 30
3972 19
3973 25
3974 29
3975 17
3976 20
3977 24
3978 10
3979 27
3980 24
3981 33
3982 13
3983 27
3984 28
3985 19
3986 22
3987 27
3988 15
3989 21
3990 25
3991 17
3992 21
3993 3
3994 21
3995 21
3996 25
3997 36
3998 27
3999 27
4000 19
4001 18
4002 17
4003 16
4004 19
4005 15
4006 36
4007 16
4008 21
4009 8
4010 14
4011 21
4012 15
4013 17
4014 24
4015 21
4016 26
4017 23
4018 37
4019 26
4020 18
4021 19
4022 13
4023 27
4024 26
4025 29
4026 19
4027 20
4028 24
4029 9
4030 16
4031 28
4032 23
4033 16
4034 22
4035 22
4036 24
4037 25
4038 19
4039 21
4040 8
4041 29
4042 24
4043 24
4044 20
4045 22
4046 26
4047 26
4048 27
4049 26
4050 22
4051 26
4052 26
4053 29
4054 15
4055 16
4056 25
4057 32
4058 27
4059 31
4060 26
4061 34
4062 23
4063 22
4064 26
4065 27
4066 34
4067 24
4068 24
4069 18
4070 22
4071 29
4072 13
4073 32
4074 24
4075 19
4076 31
4077 23
4078 21
4079 22
4080 21
4081 17
4082 14
4083 26
4084 15
4085 19
4086 15
4087 21
4088 16
4089 18
4090 14
4091 25
4092 8
4093 22
4094 19
4095 19
4096 23
4097 25
4098 23
4099 36
4100 28
4101 20
4102 22
4103 20
4104 16
4105 25
4106 27
4107 13
4108 25
4109 22
4110 17
4111 18
4112 12
4113 23
4114 22
4115 23
4116 21
4117 19
4118 31
4119 28
4120 23
4121 13
4122 12
4123 15
4124 15
4125 21
4126 19
4127 18
4128 27
4129 29
4130 18
4131 16
4132 29
4133 26
4134 23
4135 29
4136 20
4137 25
4138 24
4139 13
4140 21
4141 13
4142 15
4143 23
4144 26
4145 21
4146 27
4147 27
4148 22
4149 13
4150 23
4151 27
4152 36
4153 29
4154 27
4155 24
4156 24
4157 22
4158 11
4159 19
4160 27
4161 28
4162 22
4163 13
4164 22
4165 14
4166 19
4167 27
4168 22
4169 21
4170 15
4171 18
4172 18
4173 20
4174 11
4175 16
4176 14
4177 13
4178 28
4179 21
4180 24
4181 17
4182 18
4183 25
4184 21
4185 11
4186 21
4187 18
4188 17
4189 17
4190 32
4191 22
4192 27
4193 30
4194 17
4195 27
4196 13
4197 8
4198 21
4199 15
4200 24
4201 18
4202 19
4203 17
4204 26
4205 19
4206 19
4207 13
4208 24
4209 23
4210 32
4211 25
4212 22
4213 23
4214 9
4215 19
4216 24
4217 14
4218 11
4219 23
4220 21
4221 18
4222 25
4223 21
4224 15
4225 25
4226 10
4227 18
4228 21
4229 12
4230 18
4231 22
4232 19
4233 23
4234 32
4235 13
4236 15
4237 23
4238 16
4239 8
4240 20
4241 18
4242 15
4243 22
4244 31
4245 24
4246 25
4247 19
4248 22
4249 21
4250 24
4251 22
4252 11
4253 28
4254 22
4255 19
4256 21
4257 23
4258 20
4259 19
4260 22
4261 23
4262 12
4263 10
4264 11
4265 9
4266 12
4267 15
4268 22
4269 7
4270 15
4271 13
4272 18
4273 15
4274 24
4275 32
4276 17
4277 26
4278 18
4279 28
4280 18
4281 25
4282 17
4283 12
4284 17
4285 14
4286 16
4287 28
4288 22
4289 21
4290 28
4291 17
4292 17
4293 23
4294 10
4295 21
4296 24
4297 11
4298 17
4299 6
4300 18
4301 22
4302 23
4303 15
4304 17
4305 12
4306 6
4307 11
4308 22
4309 11
4310 6
4311 5
4312 11
4313 12
4314 25
4315 23
4316 14
4317 21
4318 18
4319 17
4320 18
4321 19
4322 17
4323 7
4324 27
4325 15
4326 20
4327 6
4328 26
4329 18
4330 8
4331 18
4332 23
4333 14
4334 11
4335 25
4336 13
4337 19
4338 11
4339 23
4340 25
4341 28
4342 10
4343 18
4344 22
4345 18
4346 16
4347 22
4348 24
4349 13
4350 10
4351 23
4352 16
4353 28
4354 26
4355 16
4356 13
4357 17
4358 16
4359 9
4360 18
4361 15
4362 16
4363 17
4364 25
4365 16
4366 14
4367 14
4368 19
4369 19
4370 11
4371 11
4372 2
4373 9
4374 17
4375 16
4376 21
4377 10
4378 15
4379 18
4380 25
4381 15
4382 14
4383 28
4384 16
4385 12
4386 14
4387 7
4388 17
4389 8
4390 11
4391 16
4392 23
4393 31
4394 21
4395 20
4396 17
4397 24
4398 14
4399 16
4400 11
4401 18
4402 23
4403 25
4404 24
4405 14
4406 15
4407 11
4408 15
4409 14
4410 14
4411 10
4412 6
4413 2
4414 21
4415 19
4416 14
4417 15
4418 13
4419 9
4420 19
4421 10
4422 17
4423 26
4424 16
4425 18
4426 28
4427 19
4428 9
4429 13
4430 22
4431 27
4432 19
4433 25
4434 13
4435 22
4436 19
4437 30
4438 22
4439 30
4440 22
4441 24
4442 11
4443 19
4444 20
4445 18
4446 17
4447 14
4448 20
4449 23
4450 12
4451 16
4452 12
4453 10
4454 11
4455 9
4456 14
4457 14
4458 22
4459 12
4460 22
4461 20
4462 18
4463 16
4464 17
4465 22
4466 15
4467 13
4468 18
4469 7
4470 6
4471 14
4472 9
4473 12
4474 5
4475 11
4476 22
4477 12
4478 21
4479 20
4480 16
4481 17
4482 12
4483 16
4484 15
4485 18
4486 13
4487 20
4488 3
4489 19
4490 9
4491 17
4492 18
4493 21
4494 11
4495 11
4496 17
4497 21
4498 24
4499 20
4500 22
4501 14
4502 20
4503 7
4504 4
4505 11
4506 5
4507 11
4508 7
4509 15
4510 13
4511 13
4512 18
4513 18
4514 3
4515 11
4516 22
4517 15
4518 8
4519 28
4520 15
4521 20
4522 14
4523 20
4524 22
4525 21
4526 13
4527 24
4528 11
4529 7
4530 18
4531 11
4532 12
4533 11
4534 9
4535 8
4536 4
4537 13
4538 14
4539 18
4540 16
4541 13
4542 15
4543 15
4544 9
4545 18
4546 13
4547 7
4548 10
4549 8
4550 15
4551 25
4552 15
4553 7
4554 15
4555 23
4556 19
4557 15
4558 19
4559 20
4560 20
4561 28
4562 18
4563 7
4564 13
4565 10
4566 7
4567 11
4568 11
4569 25
4570 16
4571 14
4572 26
4573 19
4574 15
4575 23
4576 10
4577 4
4578 6
4579 18
4580 14
4581 11
4582 8
4583 16
4584 15
4585 9
4586 7
4587 14
4588 14
4589 12
4590 17
4591 11
4592 14
4593 13
4594 13
4595 14
4596 11
4597 23
4598 13
4599 14
4600 5
4601 6
4602 15
4603 15
4604 17
4605 19
4606 15
4607 20
4608 19
4609 10
4610 14
4611 13
4612 17
4613 16
4614 17
4615 19
4616 9
4617 17
4618 24
4619 20
4620 13
4621 19
4622 21
4623 15
4624 22
4625 18
4626 13
4627 19
4628 11
4629 23
4630 15
4631 14
4632 8
4633 12
4634 21
4635 15
4636 6
4637 13
4638 4
4639 5
4640 4
4641 10
4642 11
4643 13
4644 16
4645 14
4646 16
4647 19
4648 19
4649 16
4650 17
4651 16
4652 7
4653 5
4654 23
4655 12
4656 11
4657 11
4658 12
4659 10
4660 17
4661 16
4662 8
4663 19
4664 15
4665 17
4666 14
4667 14
4668 20
4669 20
4670 13
4671 7
4672 6
4673 16
4674 21
4675 20
4676 21
4677 13
4678 14
4679 16
4680 17
4681 11
4682 14
4683 18
4684 15
4685 22
4686 8
4687 13
4688 10
4689 14
4690 9
4691 11
4692 10
4693 13
4694 16
4695 15
4696 11
4697 16
4698 10
4699 11
4700 15
4701 21
4702 20
4703 18
4704 11
4705 19
4706 13
4707 10
4708 20
4709 9
4710 12
4711 12
4712 14
4713 4
4714 2
4715 5
4716 22
4717 15
4718 15
4719 18
4720 14
4721 24
4722 4
4723 9
4724 19
4725 15
4726 16
4727 5
4728 4
4729 15
4730 13
4731 8
4732 8
4733 5
4734 3
4735 4
4736 5
4737 4
4738 8
4739 11
4740 0
