0.70 56 0.00
0.70 56 0.00
0.70 56 0.00
0.70 55 0.00
0.70 54 0.00
0.70 53 0.00
0.70 53 0.00
0.70 53 0.00
0.70 51 0.00
0.70 51 0.00
0.70 51 0.00
0.70 50 0.00
0.70 48 0.00
0.70 49 0.00
0.70 47 0.00
0.70 48 0.00
0.70 49 0.00
0.70 49 0.00
0.70 50 0.00
0.70 50 0.00
0.70 48 0.00
0.70 48 0.00
0.70 48 0.00
0.70 45 0.00
0.70 45 0.00
0.70 43 0.00
0.70 41 0.00
0.70 40 0.00
0.70 39 0.00
0.70 39 0.00
0.70 39 0.00
0.70 38 0.00
0.70 38 0.00
0.70 38 0.00
0.70 38 0.00
0.70 41 0.00
0.70 43 0.00
0.70 43 0.00
0.70 42 0.00
0.70 43 0.00
0.70 44 0.00
0.70 44 0.00
0.70 45 0.00
0.70 45 0.00
0.70 45 0.00
0.70 46 0.00
0.70 45 0.00
0.70 45 0.00
0.70 43 0.00
0.70 43 0.00
0.70 43 0.00
0.70 43 0.00
0.70 43 0.00
0.70 43 0.00
0.70 44 0.00
0.70 44 0.00
0.70 43 0.00
0.70 40 0.00
0.70 39 0.00
0.70 39 0.00
0.70 39 0.00
0.70 40 0.00
0.70 40 0.00
0.70 41 0.00
0.70 41 0.00
0.70 41 0.00
0.70 41 0.00
0.70 41 0.00
0.70 42 0.00
0.70 42 0.00
0.70 42 0.00
0.70 41 0.00
0.70 41 0.00
0.70 39 0.00
0.70 39 0.00
0.70 39 0.00
0.70 41 0.00
0.70 42 0.00
0.70 42 0.00
0.70 42 0.00
0.70 42 0.00
0.70 42 0.00
0.70 42 0.00
0.70 43 0.00
0.70 41 0.00
0.70 41 0.00
0.70 41 0.00
0.70 41 0.00
0.70 41 0.00
0.70 42 0.00
0.70 42 0.00
0.70 44 0.00
0.70 44 0.00
0.70 44 0.00
0.70 44 0.00
0.70 45 0.00
0.70 45 0.00
0.70 44 0.00
0.70 44 0.00
0.70 44 0.00
0.70 43 83.00
